succes creating element : 1
size of mat : 4x4
  1.26e+07  2.53e+07 -1.26e+07 -2.53e+07
  2.53e+07  5.06e+07 -2.53e+07 -5.06e+07
 -1.26e+07 -2.53e+07  1.26e+07  2.53e+07
 -2.53e+07 -5.06e+07  2.53e+07  5.06e+07
succes creating element : 2
size of mat : 4x4
  1.26e+07 -2.53e+07 -1.26e+07  2.53e+07
 -2.53e+07  5.06e+07  2.53e+07 -5.06e+07
 -1.26e+07  2.53e+07  1.26e+07 -2.53e+07
  2.53e+07 -5.06e+07 -2.53e+07  5.06e+07
succes creating element : 3
size of mat : 4x4
  1.26e+07  2.53e+07 -1.26e+07 -2.53e+07
  2.53e+07  5.06e+07 -2.53e+07 -5.06e+07
 -1.26e+07 -2.53e+07  1.26e+07  2.53e+07
 -2.53e+07 -5.06e+07  2.53e+07  5.06e+07
succes creating element : 4
size of mat : 4x4
  7.07e+07         0 -7.07e+07        -0
         0         0        -0        -0
 -7.07e+07        -0  7.07e+07         0
        -0        -0         0         0
succes creating element : 5
size of mat : 4x4
  1.26e+07 -2.53e+07 -1.26e+07  2.53e+07
 -2.53e+07  5.06e+07  2.53e+07 -5.06e+07
 -1.26e+07  2.53e+07  1.26e+07 -2.53e+07
  2.53e+07 -5.06e+07 -2.53e+07  5.06e+07
succes creating element : 6
size of mat : 4x4
  1.26e+07  2.53e+07 -1.26e+07 -2.53e+07
  2.53e+07  5.06e+07 -2.53e+07 -5.06e+07
 -1.26e+07 -2.53e+07  1.26e+07  2.53e+07
 -2.53e+07 -5.06e+07  2.53e+07  5.06e+07
succes creating element : 7
size of mat : 4x4
  1.26e+07 -2.53e+07 -1.26e+07  2.53e+07
 -2.53e+07  5.06e+07  2.53e+07 -5.06e+07
 -1.26e+07  2.53e+07  1.26e+07 -2.53e+07
  2.53e+07 -5.06e+07 -2.53e+07  5.06e+07
STIFNESS MATRIX SYSTEM

  1.26e+07  2.53e+07         0         0         0         0 -1.26e+07 -2.53e+07         0         0         0         0
  2.53e+07  5.06e+07         0         0         0         0 -2.53e+07 -5.06e+07         0         0         0         0
         0         0  2.53e+07         0         0         0 -1.26e+07  2.53e+07 -1.26e+07 -2.53e+07         0         0
         0         0         0  1.01e+08         0         0  2.53e+07 -5.06e+07 -2.53e+07 -5.06e+07         0         0
         0         0         0         0  1.26e+07 -2.53e+07         0         0 -1.26e+07  2.53e+07         0         0
         0         0         0         0 -2.53e+07  5.06e+07         0         0  2.53e+07 -5.06e+07         0         0
 -1.26e+07 -2.53e+07 -1.26e+07  2.53e+07         0         0  1.09e+08  2.53e+07 -7.07e+07         0 -1.26e+07 -2.53e+07
 -2.53e+07 -5.06e+07  2.53e+07 -5.06e+07         0         0  2.53e+07  1.52e+08         0         0 -2.53e+07 -5.06e+07
         0         0 -1.26e+07 -2.53e+07 -1.26e+07  2.53e+07 -7.07e+07         0  1.09e+08 -2.53e+07 -1.26e+07  2.53e+07
         0         0 -2.53e+07 -5.06e+07  2.53e+07 -5.06e+07         0         0 -2.53e+07  1.52e+08  2.53e+07 -5.06e+07
         0         0         0         0         0         0 -1.26e+07 -2.53e+07 -1.26e+07  2.53e+07  2.53e+07         0
         0         0         0         0         0         0 -2.53e+07 -5.06e+07  2.53e+07 -5.06e+07         0  1.01e+08


Time for calculation : 0.00209 sec
